image_width: 1280
image_height: 960
camera_name: left_camera
camera_matrix:
  rows: 3
  cols: 3
  data: [2095.833426143459, 0, 758.3853901915483, 0, 2053.755817110315, 583.8753835780375, 0, 0, 1]
distortion_model: plumb_bob
distortion_coefficients:
  rows: 1
  cols: 5
  data: [-0.4244713693026034, 0.4882442787413209, -0.007702045946873752, -0.01726254255697665, 0]
rectification_matrix:
  rows: 3
  cols: 3
  data: [0.9961897699405612, -0.001201053023440785, 0.08720378281592313, 0.001608685327025955, 0.9999881059549527, -0.004604354476482904, -0.08719721553633702, 0.004727094272529443, 0.9961798533309375]
projection_matrix:
  rows: 3
  cols: 4
  data: [2241.235715514006, 0, 566.0087432861328, 0, 0, 2241.235715514006, 554.8510131835938, 0, 0, 0, 1, 0]