image_width: 1280
image_height: 960
camera_name: right_camera
camera_matrix:
  rows: 3
  cols: 3
  data: [2100.18182393331, 0, 686.3222355903263, 0, 2034.066989106116, 531.616878690157, 0, 0, 1]
distortion_model: plumb_bob
distortion_coefficients:
  rows: 1
  cols: 5
  data: [-0.3163198017469215, -0.2577880805419793, -0.01082511451892472, 0.00628574431831522, 0]
rectification_matrix:
  rows: 3
  cols: 3
  data: [0.9982226046875221, -0.008730895789882382, 0.05895254828729019, 0.008455359348567209, 0.9999521407095562, 0.00492170586918845, -0.05899269776121162, -0.004414493071964347, 0.9982486533232949]
projection_matrix:
  rows: 3
  cols: 4
  data: [2241.235715514006, 0, 566.0087432861328, -468.9744389348926, 0, 2241.235715514006, 554.8510131835938, 0, 0, 0, 1, 0]